8.927905838936567
2.927452444564551
0.9517169627361
0.6042992183938622
7.507815060671419
5.398471190128475
2.4255599919706583
5.677351760677993
1.3937855511903763
3.080147854052484
9.180395971052349
2.8502806066535413
0.1732118963263929
0.5664200056344271
3.019270137883723
4.35158223612234
6.35800943011418
4.686403693631291
6.078122057951987
3.2416196167469025
3.4725864022038877
2.68038013484329
2.484053939115256
4.208828138653189
3.3876925078220665
7.568768789060414
6.349302879534662
8.744975309818983
6.129139002878219
9.130044081248343
1.490568311419338
5.27162155834958
7.20665896544233
1.4905670122243464
7.067891610786319
7.56238350411877
6.087149092927575
5.063905620481819
7.18110685935244
9.5233633951284
2.8922845982015133
4.246402794960886
1.740391282364726
2.438832325860858
5.839936051052064
6.4478176343254745
2.950442936271429
5.010565402917564
6.937695080414414
3.6615183227695525
4.611863160971552
0.2423182805068791
4.129690253175795
1.4846319239586592
3.741763199213892
7.613733825273812
7.58429819252342
2.8664059564471245
4.8254160466603935
9.37237087637186
3.9705857704393566
7.291659051552415
8.599854544736445
4.080113384407014
7.637479605618864
5.673367416020483
4.0791603224352
2.182956167962402
6.192694837227464
7.904905383475125
0.5590603151358664
8.551280002575368
6.23985075391829
4.731598775833845
8.575382463168353
8.641892455052584
6.082932015415281
6.356015473138541
8.680707446765155
3.676957709249109
0.43679807567968965
5.38768365746364
7.3683341522701085
2.8732487792149186
3.0242945346981287
6.309317343402654
2.5360151403583586
0.7218015543185174
6.984517944511026
4.273042078129947
1.520714983344078
7.623751244973391
6.805976293981075
8.837858187034726
8.02033127984032
3.3873554319143295
5.387545169796795
7.493946878239512
7.593726611230522
2.2178719099611044
7.073070360347629
8.838811723981053
3.1890393351204693
4.391345938201994
0.6497241882607341
2.1500600641593337
2.9771524271927774
0.3595171170309186
9.223037422634661
2.1015540580265224
9.404286749195307
7.105870170053095
6.828654399141669
2.0496892952360213
7.947434976231307
4.293238332029432
7.048439220525324
2.84332673298195
1.3194863824173808
0.6915916549041867
1.7858557123690844
6.06897930148989
0.018007659818977118
0.24852680508047342
8.560490082018077
2.053849119693041
3.0155553808435798
0.6369109684601426
9.189915985334665
3.6457434645853937
3.1721505988389254
6.236920948140323
6.07245753519237
4.691233765333891
6.6161497053690255
8.754492471925914
3.4979579807259142
1.2476397911086679
0.6432958785444498
6.499724963214248
2.2903844877146184
2.5757007370702922
8.725546579807997
3.758949786424637
1.2187172216363251
3.0416083219461143
4.404230124782771
3.8829895085655153
1.9720383314415812
3.489224831573665
1.8211097712628543
0.9324228134937584
9.674566900357604
4.053192073479295
7.207317121792585
5.333244586363435
8.975355743896216
8.177272293251008
9.734678177628666
1.1539640789851546
1.7977102915756404
5.074457582086325
0.46459282748401165
8.116181120276451
4.157641159836203
3.2305369595997036
5.668970663100481
9.659373231697828
0.9737581550143659
6.0785776120610535
6.844216783065349
9.64873953955248
1.0041671013459563
3.0267339386045933
5.520988877397031
0.131531641818583
8.72735147131607
6.536220868583769
9.53944583190605
6.630501903127879
0.8061707764863968
0.02195950597524643
5.457652728073299
1.2368963425979018
1.1335260630585253
6.501095301937312
8.915426020976156
3.422187741380185
8.32624226808548
2.295726598240435
9.520636044908315
2.735861102119088
6.300912315491587
5.616840876173228
0.42293634032830596
4.987041251733899
1.4357554097659886
6.168080847710371
0.8808113751001656
4.736022858414799
8.63714337348938
7.182825934141874
3.977988038677722
6.790326258633286
6.450258111581206
5.736161826644093
2.5022342149168253
0.6351033970713615
5.588151642587036
6.986894612200558
8.150004541967064
7.753474919591099
1.6867171507328749
9.168156320229173
9.403157748747617
7.01130660250783
1.6057878639549017
6.31540693808347
5.760989296250045
1.8274907837621868
4.489521845243871
5.895772606600076
6.121091139502823
7.07364632980898
8.292086380533874
5.960180435795337
4.756220271810889
9.495062928181142
9.877115648705512
6.4333486766554415
5.011315129231662
6.970486412756145
4.527529696933925
0.9043152094818652
0.18199857790023088
4.770794196520001
1.1312779458239675
7.057529732119292
8.559347386471927
9.555259908083826
7.412601402029395
9.835950429551303
1.634315315168351
5.018391986377537
2.9531693714670837
7.588368346914649
1.7287160106934607
8.917469372972846
4.156521973200142
9.753717931453139
2.0482040685601532
7.395554129034281
8.945650621317327
8.075225485954434
5.788833235856146
1.1712953727692366
9.950562084559351
9.437227204907686
9.463096105027944
1.4704123139381409
0.3462772141210735
2.0438952674157917
3.67262854706496
7.727510484401137
7.8320366609841585
9.602968241088092
2.019408857449889
9.43840567022562
0.4958087927661836
9.768645246513188
1.4864594745449722
5.985067498404533
0.8267321437597275
0.6773089757189155
6.524174096994102
1.2064030533656478
4.936086875386536
9.685513766016811
6.860871235840023
1.0870741656981409
0.44490003027021885
7.321884101256728
6.9002146809361875
2.125686821527779
2.783555374480784
0.4433216853067279
1.5475852531380951
2.8622065274976194
6.921811604406685
0.29773560585454106
6.904040682129562
8.238274834584445
5.149893949273974
9.891562946140766
5.921992736402899
2.32506682863459
5.585875357501209
1.2111005815677345
9.956799908541143
8.886931508313864
7.408782963175327
9.246603061910719
2.758623221889138
3.7633579690009356
9.019471374340355
4.237493597902358
5.216851176228374
2.812978425063193
0.3731479891575873
2.4512051953934133
5.488736899569631
0.9559389459900558
9.389031645841897
2.3860923759639263
6.03005854645744
2.6697160699404776
5.232581177260727
8.867370537482202
6.408331135753542
4.428619977552444
0.9398725559003651
5.631433483213186
3.1137433578260243
0.9861856931820512
7.768536924850196
4.786720590200275
1.132225375622511
6.579706801567227
5.796223497018218
8.075159443542361
3.517024707980454
4.708672959823161
1.6719066887162626
0.8897661743685603
1.0176575370132923
7.343088609632105
4.383370361756533
2.396553372964263
4.23481586156413
7.363714007660747
0.995514802634716
0.4305939842015505
9.625440107192844
8.432563045062125
0.9126921789720654
9.047126865480095
8.114047818817198
1.9386097439564764
1.2563071632757783
5.411351001821458
3.9565043593756855
6.1838400876149535
0.1663881679996848
9.51038331259042
9.51296572573483
3.9418363734148443
6.868653199635446
6.109294046182185
6.135707967914641
9.683521573897451
5.131019353866577
4.55275998217985
8.815601242240518
1.703110202215612
1.2915482418611646
0.3672233992256224
4.6796740288846195
5.90770629234612
8.777158348821104
2.930466604884714
7.612339169718325
0.17244917806237936
7.952580803539604
9.963577666785568
5.540234239306301
9.657296116929501
7.478691432625055
2.051240485161543
8.102699622977525
3.658291194587946
2.8985127061605453
8.322685651946813
0.11083139572292566
5.187964080832899
7.473644316196442
1.1257552518509328
1.8579015834257007
2.2386562544852495
1.886244579218328
1.1613600328564644
6.930024151224643
3.8739692652598023
6.776092306245118
2.69135300302878
2.764529758132994
3.009112433064729
8.849117257632315
1.6560406750068069
5.5525994673371315
3.8856021338142455
0.3895154781639576
2.4861312401480973
9.81733437627554
9.398135771043599
2.150927984621376
4.23656903905794
1.4516842062585056
8.026662492193282
4.010120811872184
0.46441023936495185
0.8489831839688122
4.130164515227079
0.0185884116217494
1.5580162429250777
4.4356084847822785
0.1787961577065289
7.202333202585578
9.90811460884288
3.200648652855307
6.595298636239022
7.046759240329266
9.088454572483897
9.16334989015013
0.15172490617260337
9.18494830839336
2.196014984510839
9.736945109907538
2.703843298368156
1.5284075564704835
0.7808994059450924
8.781360238790512
3.994925783481449
2.5475941132754087
9.650452602654696
9.082640134729445
3.9363833516836166
9.160001925192773
0.16227473272010684
0.1783156394958496
2.52541187684983
4.291352950967848
3.2302887877449393
5.009280727244914
5.406870252918452
2.7495305868797004
6.792728342115879
9.325578331481665
0.6207560142502189
2.366337846033275
6.691200349014252
6.433892848435789
9.457744706887752
2.803501219023019
6.593863815069199
6.962908296845853
7.888867866713554
4.281908918637782
9.763778254855424
6.106643893290311
9.542929767630994
9.246261739172041
2.8982971515506506
8.03111771820113
4.119773986749351
7.541277084965259
9.790948540903628
5.654547614976764
1.7263871594332159
0.040054714772850275
1.9383244309574366
2.7316266717389226
9.601641248445958
4.109231731854379
1.8643518793396652
1.5709237405098975
7.070815479382873
6.835095260757953
4.963365362491459
1.046054174657911
4.759081823285669
8.07193613378331
9.55393911106512
7.75892149657011
9.425526857376099
8.580655655823648
5.4479608265683055
4.478629915975034
1.7290584254078567
5.718067740090191
3.5681849997490644
0.8997392887249589
0.6903018546290696
3.545118395704776
0.5649434844963253
6.774356237147003
3.430481655523181
8.99104586103931
0.6526952190324664
7.106212894432247
2.056342090945691
9.313231820706278
0.42345413472503424
7.170888124965131
9.326019857544452
2.576319999061525
1.840206680353731
4.086651054676622
3.3146843570284545
9.87771142506972
0.28678392758592963
0.004646354354918003
6.756661543622613
4.021191524807364
8.07492583990097
4.415813712403178
3.706876786891371
0.621916358359158
5.438425068277866
1.024023750796914
6.414809529669583
4.468795892316848
7.277480512857437
1.524005674291402
9.10550276748836
6.179531179368496
0.7434470509178936
0.44466305058449507
3.7407526141032577
1.5326847811229527
4.716816891450435
1.6830928879790008
4.889487510081381
3.132038568146527
1.8826646823436022
7.281040616799146
4.931967554148287
9.581902211066335
5.737224214244634
4.984258103650063
4.122812568675727
2.912733934354037
4.273224559146911
7.355504720471799
1.138618909753859
0.9166687540709972
0.9017892810516059
3.1687794253230095
8.313086461275816
8.253833826165646
1.3367191422730684
4.48307853192091
7.258977813180536
4.848195547237992
9.074074102099985
5.061494302935898
2.705327491275966
1.833802501205355
8.652003146708012
6.833160242531449
7.0660012774169445
9.078487812075764
9.327638610266149
6.111429643351585
3.0684900819323957
3.710378520190716
1.5870621846988797
9.412552020512521
1.2541179358959198
6.609955744352192
4.175335671752691
3.458185053896159
2.2403433197177947
5.0941234128549695
6.088656147476286
7.8347857389599085
2.8198135388083756
5.876795293297619
6.428581802174449
7.460312633775175
0.2888836059719324
2.547991550527513
4.890781263820827
7.7699413173832
0.9696377185173333
0.9666669997386634
8.18529742071405
3.884313963353634
8.817679160274565
1.249477630481124
4.191222949884832
6.122430013492703
7.965812543407083
1.4111624006181955
3.66909041069448
3.421536039095372
1.5277819172479212
5.403911324683577
0.1967104454524815
6.484445228707045
4.736332406755537
1.3529590610414743
2.7820464479736984
4.677264424972236
3.363186023198068
6.702190367504954
6.768245189450681
2.915238889399916
1.0169048490934074
2.572815422900021
4.697101591154933
0.19931614864617586
7.8701062756590545
4.563575019128621
3.3616854599677026
1.5759148355573416
6.470830691978335
2.7858163067139685
2.325483728200197
3.0763947940431535
2.0664260955527425
7.78996632900089
1.9557975884526968
8.328270930796862
0.9218868357129395
1.889088018797338
0.9828150016255677
9.11535301245749
1.6877819085493684
5.5802438501268625
1.3534266501665115
0.4439027328044176
1.6048169671557844
7.05761723453179
8.450097993481904
4.570352777373046
0.38817911176010966
1.068327825050801
2.2016944317147136
6.2153141386806965
0.5689546978101134
6.286379764787853
0.8272435679100454
2.611834332346916
5.64511479344219
1.0359108168631792
8.834352502599359
7.161320340819657
1.588852503336966
3.3776923292316496
2.8149225818924606
4.713365021161735
9.305255701765418
4.781723117921501
4.42855471977964
2.121553812175989
9.84134052414447
3.3234110986813903
5.291286553256214
4.6124454494565725
6.2731037219055
9.377972655929625
0.32734932377934456
5.718973712064326
2.695197460707277
6.5989706898108125
1.7327955178916454
3.2270451704971492
5.983967152424157
4.582712277770042
8.577407773118466
3.4537570271641016
1.2151766987517476
5.341574421618134
1.1135538038797677
7.963337593246251
9.129128155764192
8.757679236587137
1.8134418106637895
2.9895884729921818
6.81039574323222
4.918824669439346
8.964728920254856
4.976034734863788
4.458165301475674
6.579405663069338
1.1470360914245248
8.932431456632912
0.030110336374491453
9.923694278113544
4.207151799928397
5.032826201058924
2.9770157672464848
7.67807177035138
1.9165351684205234
1.96115558501333
9.399652248248458
5.75206866953522
4.696037427056581
8.082948178052902
4.713304019533098
3.1064767786301672
9.683219897560775
5.224521879572421
5.137362245004624
1.1128260986879468
7.691352106630802
2.5793127645738423
2.2700811899267137
3.6761730746366084
8.193410518579185
3.8104545697569847
1.4033603318966925
3.098067177925259
6.801339669618756
9.746589025016874
1.9792398950085044
4.777250089682639
7.344502329360694
4.949556656647474
4.670155083294958
5.70837379200384
2.2142139333300292
0.3270416031591594
0.23623850429430604
3.4964082529768348
1.687494395300746
4.95207637315616
9.796236141119152
1.1263394355773926
1.3261057995259762
5.227999375201762
5.542475993279368
5.977863788139075
7.8809932875446975
6.230963647831231
8.644170765765011
3.767888646107167
8.73159219045192
5.861849889624864
7.617806682828814
5.093178458046168
5.282188293058425
8.508658956270665
4.758893859107047
3.879146105609834
7.941551746334881
4.667818816378713
4.263551409821957
6.609276100061834
6.649325951002538
5.730937540065497
1.9402752351015806
9.86891214037314
6.791157564148307
8.307103188708425
8.190115839242935
8.639966519549489
4.849441586993635
1.067694288212806
6.475005974061787
5.1377583388239145
6.09994494356215
8.600155904423445
8.627471728250384
1.448482999112457
2.7893386990763247
0.6307050655595958
1.0825748275965452
4.36355899553746
0.27064202120527625
4.763534802477807
1.5031976881437004
0.5986992479301989
1.7084139492362738
3.103225773666054
8.2013377873227
5.850714941043407
3.231412742752582
8.688365302514285
7.338118657935411
8.934202787932009
7.546895877458155
7.086354275234044
8.02207469008863
7.752042608335614
5.85969885578379
9.006285758223385
8.760400817263871
0.8143935073167086
8.392294358927757
0.2695332607254386
3.581112097017467
1.26007144106552
9.999140708241612
7.757188742980361
8.182141603901982
3.7391918222419918
1.3839847384952009
8.27516253804788
7.667322235647589
1.246607860084623
8.802854553796351
7.9634868376888335
4.758575712330639
4.665373228490353
5.037287783343345
0.9341759723611176
5.424448284320533
2.957844191696495
2.045698259025812
9.950416451320052
4.802233725786209
8.473234574776143
1.9364040135405958
4.653669563122094
0.9504607482813299
0.8706290018744767
7.8629143186844885
8.583236881531775
5.442060206551105
1.5555382403545082
1.335570551455021
3.7946415971964598
0.9088806947693229
2.9275217256508768
5.927564708981663
0.759427398443222
5.230611376464367
1.1489958153106272
4.803665571380407
8.083880476187915
8.443184446077794
7.991768924985081
2.5738622108474374
9.188954422716051
6.062408497091383
7.308517836499959
4.495509630069137
4.77146141929552
9.304723425302655
0.8567743725143373
5.068551569711417
7.975723203271627
0.959035474807024
5.150155310984701
0.40881781838834286
7.641740627586842
8.296813433989882
1.8564617587253451
1.235314062796533
5.035094891209155
8.154463530518115
8.309355948586017
0.635151332244277
8.600963749922812
3.8331294315867126
1.3883092859759927
4.280896743293852
2.857510638423264
4.974785968661308
7.661334660369903
8.099784217774868
0.15510991914197803
4.6529305493459105
6.512713029514998
2.74164283182472
5.141767349559814
4.764692976605147
6.105596146080643
2.3580090887844563
2.078869235701859
2.739771471824497
8.811205690726638
8.006426263600588
2.438459824770689
0.6163570424541831
2.3753819754347205
1.8929175822995603
5.973464762791991
8.336769079323858
6.789217321202159
0.23910280549898744
3.3951135794632137
5.176816831808537
9.030237335246056
3.534628045745194
5.380850010551512
8.338294024579227
7.536233973223716
1.9846572820097208
9.65788243804127
0.42873930651694536
7.884349245578051
1.6014144849032164
7.094001327641308
3.4441509237512946
4.445411872584373
1.2425984046421945
5.169004525523633
1.3500536628998816
8.98767412872985
8.73198009794578
2.1969996159896255
9.82539308257401
7.791478869039565
9.910389154683799
4.491116309072822
2.305633348878473
6.657366072759032
6.73120804829523
7.452093542087823
7.716888627037406
2.7705294638872147
2.910671280696988
7.649233289994299
9.344053966924548
5.904251076281071
0.13062942074611783
2.1048388490453362
1.6958081116899848
4.190892276819795
9.276616317220032
6.962342923507094
9.575160916429013
7.105767698958516
6.876598969101906
1.9798706169240177
6.524256223347038
5.296060789842159
9.607623287010938
2.6275342819280922
3.8876318535767496
2.0944724697619677
8.26395794050768
2.233008125331253
3.5368155548349023
2.5212261523120105
1.5807279129512608
3.3687822823412716
3.88324516126886
5.168671626597643
9.994998928159475
0.5353368725627661
8.351160942111164
2.246985894162208
2.8677303879521787
0.5229125218465924
6.334248522762209
7.018272117711604
5.52381832851097
6.312353529501706
4.118057906161994
3.362138122320175
8.422825881280005
3.0511114769615233
8.586941382382065
3.1094426196068525
8.16339168464765
2.9752510087564588
9.97178660472855
9.14086937205866
9.82997156213969
0.5863396334461868
1.668311096727848
7.004647026769817
0.9488916816189885
5.0383220496587455
1.7478230642154813
5.10058558313176
6.542428953107446
3.5433779447339475
9.434971113223583
8.881924441084266
9.433678875211626
8.06471781572327
4.233703957870603
3.8502905843779445
8.0297892075032
6.261205582413822
4.939098444301635
8.95038501592353
2.190599760506302
1.3864704477600753
7.575345349032432
6.382339347619563
6.582776322029531
9.298493599053472
0.5296426080167294
2.9009415162727237
4.850653964094818
5.258984416723251
5.325849982909858
7.385454131290317
8.865098131354898
8.670637907925993
5.473511971067637
2.4716359796002507
4.019843717105687
5.96869757398963
5.282924924977124
